АГ: АГ 1
x
      0       1       2       3       4       5       6       7       8 
21.4286  9.5238  9.5238  9.5238 14.2857  9.5238  4.7619  7.1429 14.2857 
------------------------------------------------------------ 
АГ: АГ 2 
x
      0       1       2       3       4       5       6       7       8 
14.9701 10.1796  5.9880  8.9820 10.1796 13.7725 10.1796  9.5808 16.1677 
------------------------------------------------------------ 
АГ: АГ 3 
x
      1       5       6       7       8 
11.1111 22.2222 33.3333 22.2222 11.1111 
------------------------------------------------------------ 
АГ: НОРМА
x
      0       1       2       3       4       5       6       7       8 
17.3077  3.8462  7.6923  7.6923  7.6923  7.6923  7.6923 19.2308 21.1538 
