Группа: 1
x
      0       1       3       4       5       6       7       8 
 5.5556  5.5556 11.1111 25.0000 13.8889  8.3333  8.3333 22.2222 
------------------------------------------------------------ 
Группа: 2
x
      0       1       2       3       4       5       6       7       8 
18.5841  8.8496 10.6195  6.1947  9.7345 13.2743  7.0796 13.2743 12.3894 
------------------------------------------------------------ 
Группа: 3
x
      0       1       2       3       4       5       6       7       8 
18.5185 12.3457  3.7037  9.8765  8.6420  4.9383 13.5802 11.1111 17.2840 
------------------------------------------------------------ 
Группа: 4
x
      0       1       2       3       5       6       7       8 
 7.1429  3.5714 10.7143 14.2857 28.5714 10.7143  3.5714 21.4286 
------------------------------------------------------------ 
Группа: 5
x
      0       1       5       6       7       8 
25.0000  8.3333  8.3333  8.3333 25.0000 25.0000 
