Группа: 1
x
      1       2       3 
11.1111 50.0000 38.8889 
------------------------------------------------------------ 
Группа: 2
x
      1       2       3 
38.0531 29.2035 32.7434 
------------------------------------------------------------ 
Группа: 3
x
      1       2       3 
34.5679 23.4568 41.9753 
------------------------------------------------------------ 
Группа: 4
x
      1       2       3 
21.4286 42.8571 35.7143 
------------------------------------------------------------ 
Группа: 5
x
      1       2       3 
33.3333  8.3333 58.3333 
