Диабет: НОРМА
x
      0       1       2       3       4       5       6       7       8 
15.0000 10.0000  6.8182  8.1818 10.0000 11.3636 10.4545 11.8182 16.3636 
------------------------------------------------------------ 
Диабет: РНУО
x
      0       1       3       4       5       6       7       8 
26.0870  4.3478  8.6957  4.3478 21.7391  8.6957  8.6957 17.3913 
------------------------------------------------------------ 
Диабет: СД 2 в.в.
x
      0       1       2       3       4       5       6       7       8 
14.8148  3.7037 11.1111 11.1111 14.8148 11.1111  3.7037 11.1111 18.5185 
