Группа: 1
x
      1       2       3 
27.7778 41.6667 30.5556 
------------------------------------------------------------ 
Группа: 2
x
      1       2       3 
36.2832 42.4779 21.2389 
------------------------------------------------------------ 
Группа: 3
x
      1       2       3 
45.6790 35.8025 18.5185 
------------------------------------------------------------ 
Группа: 4
x
      1       2       3 
32.1429 42.8571 25.0000 
------------------------------------------------------------ 
Группа: 5
x
      1       2       3 
41.6667 16.6667 41.6667 
