АГ: АГ 1
x
      0       1       2       3       4       5       6       7       8 
19.0476  4.7619 14.2857 16.6667 14.2857  9.5238 11.9048  2.3810  7.1429 
------------------------------------------------------------ 
АГ: АГ 2 
x
      0       1       2       3       4       5       6       7       8 
15.5689 11.9760 14.9701 14.9701 13.1737 10.1796  9.5808  4.7904  4.7904 
------------------------------------------------------------ 
АГ: АГ 3 
x
      0       1       2       3       8 
11.1111 22.2222 44.4444 11.1111 11.1111 
------------------------------------------------------------ 
АГ: НОРМА
x
      0       1       2       3       4       5       6       7       8 
 5.7692  3.8462  5.7692 25.0000 11.5385  9.6154 17.3077 11.5385  9.6154 
