Группа: 1
x
      0       1       2       3       4       5       6       7       8 
 5.5556  2.7778 19.4444 16.6667 19.4444  5.5556 19.4444  5.5556  5.5556 
------------------------------------------------------------ 
Группа: 2
x
      0       1       2       3       4       5       6       7       8 
10.6195 11.5044 14.1593 17.6991 15.0442  9.7345  7.9646  7.0796  6.1947 
------------------------------------------------------------ 
Группа: 3
x
      0       1       2       3       4       5       6       7       8 
23.4568 11.1111 11.1111 14.8148  9.8765 11.1111  8.6420  3.7037  6.1728 
------------------------------------------------------------ 
Группа: 4
x
      0       1       2       3       4       5       6       7       8 
 7.1429 10.7143 14.2857 25.0000  3.5714 14.2857 14.2857  3.5714  7.1429 
------------------------------------------------------------ 
Группа: 5
x
      0       2       3       4       6       7       8 
25.0000 16.6667  8.3333  8.3333 25.0000  8.3333  8.3333 
