Диабет: НОРМА
x
      0       1       2       3       4       5       6       7       8 
12.2727  9.0909 14.5455 17.2727 14.0909  9.5455 10.9091  6.3636  5.9091 
------------------------------------------------------------ 
Диабет: РНУО
x
      0       1       3       4       5       6       7       8 
26.0870  8.6957  8.6957  8.6957 17.3913 13.0435  4.3478 13.0435 
------------------------------------------------------------ 
Диабет: СД 2 в.в.
x
      0       1       2       3       4       5       6       8 
18.5185 14.8148 22.2222 22.2222  3.7037  3.7037 11.1111  3.7037 
