АГ: АГ 1
x
      5       6       7       8 
 4.7619  2.3810 14.2857 78.5714 
------------------------------------------------------------ 
АГ: АГ 2 
x
      0       3       4       5       6       7       8 
 2.3952  0.5988  0.5988  1.1976  5.3892 17.3653 72.4551 
------------------------------------------------------------ 
АГ: АГ 3 
x
      3       6       7       8 
11.1111 22.2222 22.2222 44.4444 
------------------------------------------------------------ 
АГ: НОРМА
x
      0       5       6       7       8 
 1.9231  1.9231  3.8462 13.4615 78.8462 
