Группа: 1
x
      0       6       7       8 
 2.7778 13.8889 11.1111 72.2222 
------------------------------------------------------------ 
Группа: 2
x
      0       3       5       6       7       8 
 1.7699  1.7699  2.6549  2.6549 17.6991 73.4513 
------------------------------------------------------------ 
Группа: 3
x
      0       4       6       7       8 
 1.2346  1.2346  4.9383 17.2840 75.3086 
------------------------------------------------------------ 
Группа: 4
x
      0       5       6       7       8 
 3.5714  3.5714  3.5714 14.2857 75.0000 
------------------------------------------------------------ 
Группа: 5
x
      5       6       7       8 
 8.3333  8.3333 16.6667 66.6667 
