Диабет: НОРМА
x
      0       1       2       3       4       5       6       7       8 
 3.6364 19.0909 21.3636 15.4545  8.1818 16.8182  7.2727  3.1818  5.0000 
------------------------------------------------------------ 
Диабет: РНУО
x
      0       1       2       3       4       5       6       7 
 4.3478  8.6957 17.3913 26.0870  8.6957 17.3913  8.6957  8.6957 
------------------------------------------------------------ 
Диабет: СД 2 в.в.
x
      1       2       3       4       5       6       8 
11.1111 29.6296 25.9259 14.8148 11.1111  3.7037  3.7037 
