АГ: АГ 1
x
      0       1       2       3       4       5       6       7 
 2.3810 26.1905  9.5238 21.4286  9.5238 19.0476  4.7619  7.1429 
------------------------------------------------------------ 
АГ: АГ 2 
x
      0       1       2       3       4       5       6       7       8 
 4.7904 17.9641 22.1557 17.9641  8.9820 16.1677  4.7904  2.9940  4.1916 
------------------------------------------------------------ 
АГ: АГ 3 
x
      1       2       3       6 
11.1111 55.5556 11.1111 22.2222 
------------------------------------------------------------ 
АГ: НОРМА
x
      1       2       3       4       5       6       7       8 
 9.6154 25.0000 13.4615  9.6154 17.3077 13.4615  1.9231  9.6154 
