Группа: 1
x
      1       2       3 
52.7778 30.5556 16.6667 
------------------------------------------------------------ 
Группа: 2
x
      1       2       3 
37.1681 50.4425 12.3894 
------------------------------------------------------------ 
Группа: 3
x
      1       2       3 
41.9753 35.8025 22.2222 
------------------------------------------------------------ 
Группа: 4
x
      1       2       3 
42.8571 53.5714  3.5714 
------------------------------------------------------------ 
Группа: 5
x
      1       2       3 
66.6667 25.0000  8.3333 
