Группа: 1
x
      0       1       2       3       4       5       6       7       8 
 5.5556 19.4444 27.7778  2.7778  8.3333 19.4444  8.3333  2.7778  5.5556 
------------------------------------------------------------ 
Группа: 2
x
      0       1       2       3       4       5       6       7       8 
 3.5398 14.1593 19.4690 23.0088  7.9646 19.4690  7.9646  0.8850  3.5398 
------------------------------------------------------------ 
Группа: 3
x
      0       1       2       3       4       5       6       7       8 
 1.2346 18.5185 22.2222 14.8148  6.1728 14.8148  7.4074  7.4074  7.4074 
------------------------------------------------------------ 
Группа: 4
x
      0       1       2       3       4       5       6 
 7.1429 17.8571 17.8571 25.0000 17.8571 10.7143  3.5714 
------------------------------------------------------------ 
Группа: 5
x
      1       2       3       4       7 
33.3333 33.3333  8.3333 16.6667  8.3333 
